100
0 60 3
0 27 6
0 83 7
0 70 2
0 77 2
0 4 7
0 29 8
0 92 3
0 46 5
0 65 3
0 16 6
1 92 8
1 66 3
1 25 3
1 71 9
1 59 6
1 43 7
1 82 7
1 26 5
1 29 8
1 94 5
2 38 1
2 76 6
2 50 4
2 85 8
2 27 10
2 94 8
2 18 6
2 93 2
2 55 7
2 7 2
2 99 9
2 78 3
2 75 3
2 9 10
2 97 7
2 5 8
3 80 3
3 87 2
3 82 3
3 22 10
3 73 9
3 88 8
3 56 6
4 97 8
4 27 1
4 9 3
4 0 7
4 32 7
4 23 9
4 87 2
4 22 8
4 18 10
4 56 5
4 77 10
4 43 10
4 91 7
5 27 10
5 89 5
5 49 8
5 79 7
5 55 8
5 2 8
5 57 3
5 39 5
5 81 0
6 59 3
6 72 1
6 10 10
6 15 5
6 76 5
6 22 2
6 95 0
7 54 7
7 44 1
7 86 4
7 8 3
7 66 7
7 67 2
7 2 2
7 61 10
7 51 2
7 46 5
7 69 3
7 35 9
7 68 0
7 64 4
7 52 3
7 60 9
7 13 0
8 7 3
8 19 8
8 35 5
8 20 10
8 9 6
8 93 10
8 97 5
8 85 8
8 16 5
9 62 9
9 4 3
9 92 6
9 38 8
9 35 8
9 13 1
9 83 7
9 77 6
9 8 6
9 17 3
9 44 2
9 2 10
9 42 3
9 91 4
10 79 3
10 19 5
10 6 10
10 12 10
10 58 9
10 72 1
10 75 7
11 30 8
11 19 7
11 83 5
11 14 2
11 69 8
11 77 2
11 66 7
12 48 1
12 16 2
12 79 7
12 10 10
12 78 9
12 51 6
13 99 5
13 47 3
13 79 4
13 9 1
13 31 4
13 78 8
13 98 5
13 46 9
13 17 1
13 7 0
13 83 2
13 67 0
13 59 8
14 73 3
14 71 4
14 22 3
14 77 4
14 48 10
14 94 6
14 51 5
14 18 1
14 11 2
14 38 4
14 34 1
15 73 4
15 52 10
15 44 6
15 6 5
15 36 4
15 20 4
15 85 0
16 21 1
16 25 9
16 64 6
16 27 6
16 12 2
16 26 7
16 52 6
16 60 7
16 48 5
16 33 3
16 97 5
16 0 6
16 84 5
16 46 1
16 8 5
16 92 5
17 25 5
17 58 5
17 79 4
17 72 10
17 91 5
17 29 2
17 33 10
17 9 3
17 57 6
17 13 1
17 94 7
18 97 6
18 80 10
18 2 6
18 79 4
18 92 1
18 69 5
18 98 2
18 30 6
18 43 9
18 68 4
18 14 1
18 84 2
18 4 10
18 76 2
19 8 8
19 10 5
19 40 4
19 32 4
19 11 7
19 68 5
19 61 2
19 22 1
19 29 3
19 76 3
19 23 2
20 67 6
20 83 8
20 50 2
20 8 10
20 39 8
20 58 10
20 15 4
20 47 2
20 30 3
20 90 7
21 16 1
21 78 6
21 56 4
21 24 4
21 69 4
21 57 4
21 23 6
21 32 1
21 36 5
21 97 8
21 22 3
22 54 5
22 14 3
22 33 5
22 91 4
22 72 3
22 19 1
22 3 10
22 4 8
22 79 10
22 21 3
22 6 2
23 54 9
23 61 8
23 81 10
23 95 6
23 39 9
23 56 10
23 4 9
23 83 7
23 21 6
23 85 2
23 65 9
23 52 3
23 92 4
23 19 2
23 36 1
24 47 7
24 21 4
24 25 7
24 44 1
24 81 2
24 53 10
24 46 1
24 29 9
24 70 3
24 63 2
24 80 3
24 50 2
25 16 9
25 17 5
25 73 10
25 69 2
25 99 10
25 24 7
25 74 1
25 32 1
25 26 1
25 85 9
25 1 3
25 61 5
25 59 5
25 90 10
25 48 5
25 51 3
25 40 6
25 49 9
26 54 3
26 50 3
26 31 1
26 16 7
26 25 1
26 33 2
26 93 8
26 41 7
26 97 3
26 48 4
26 87 9
26 34 7
26 1 5
27 57 10
27 0 6
27 78 8
27 2 10
27 5 10
27 4 1
27 16 6
27 51 3
27 87 5
27 65 7
27 89 3
27 84 9
27 82 8
28 79 6
28 75 7
28 63 3
28 99 6
28 82 4
28 29 10
28 96 1
29 92 9
29 17 2
29 24 9
29 33 8
29 0 8
29 19 3
29 28 10
29 1 8
30 70 1
30 66 6
30 73 5
30 11 8
30 86 3
30 18 6
30 83 2
30 82 8
30 20 3
31 26 1
31 49 8
31 66 1
31 13 4
31 96 10
31 52 2
31 42 6
31 53 9
31 40 8
32 72 4
32 35 8
32 19 4
32 25 1
32 34 8
32 4 7
32 88 2
32 21 1
32 85 1
32 80 6
33 26 2
33 22 5
33 83 7
33 17 10
33 16 3
33 29 8
33 92 4
33 37 8
34 32 8
34 51 9
34 53 9
34 70 10
34 44 10
34 26 7
34 14 1
34 45 8
34 40 8
35 48 2
35 32 8
35 79 2
35 39 6
35 9 8
35 8 5
35 69 6
35 77 2
35 70 3
35 7 9
36 96 5
36 63 1
36 38 3
36 56 3
36 48 1
36 15 4
36 80 7
36 79 8
36 23 1
36 74 3
36 21 5
37 43 8
37 74 10
37 40 2
37 96 10
37 87 6
37 88 6
37 46 8
37 33 8
37 38 8
38 2 1
38 59 9
38 9 8
38 90 7
38 36 3
38 45 8
38 54 10
38 57 5
38 75 2
38 37 8
38 88 8
38 63 9
38 14 4
39 59 2
39 66 3
39 98 10
39 35 6
39 23 9
39 62 10
39 20 8
39 5 5
40 46 7
40 19 4
40 37 2
40 67 6
40 34 8
40 31 8
40 25 6
41 74 7
41 89 5
41 63 9
41 87 6
41 26 7
41 59 1
41 86 6
41 96 9
41 85 7
42 70 3
42 85 3
42 43 5
42 88 7
42 94 3
42 87 4
42 78 3
42 66 7
42 60 1
42 31 6
42 9 3
42 91 9
43 37 8
43 42 5
43 60 1
43 86 3
43 58 10
43 78 2
43 18 9
43 1 7
43 4 10
43 61 7
44 47 3
44 7 1
44 24 1
44 56 5
44 15 6
44 78 1
44 68 7
44 85 3
44 9 2
44 34 10
44 94 9
44 61 7
45 80 8
45 75 4
45 91 3
45 99 9
45 96 5
45 38 8
45 85 6
45 79 8
45 34 8
46 40 7
46 37 8
46 24 1
46 52 5
46 7 5
46 13 9
46 0 5
46 81 4
46 51 5
46 16 1
47 24 7
47 44 3
47 99 6
47 13 3
47 77 6
47 70 8
47 81 8
47 63 5
47 59 1
47 66 2
47 20 2
48 35 2
48 71 2
48 12 1
48 57 3
48 85 5
48 78 10
48 99 6
48 60 1
48 75 9
48 70 8
48 16 5
48 14 10
48 36 1
48 61 1
48 25 5
48 96 6
48 26 4
48 76 7
49 81 4
49 57 9
49 75 10
49 31 8
49 71 3
49 5 8
49 25 9
49 91 1
50 2 4
50 64 9
50 26 3
50 94 6
50 52 5
50 90 7
50 69 8
50 20 2
50 68 9
50 63 10
50 59 6
50 24 2
50 99 8
50 79 3
51 94 2
51 27 3
51 53 3
51 34 9
51 93 4
51 14 5
51 7 2
51 25 3
51 46 5
51 52 8
51 79 3
51 78 8
51 71 7
51 12 6
51 96 8
52 50 5
52 15 10
52 16 6
52 99 8
52 74 4
52 46 5
52 31 2
52 69 4
52 23 3
52 51 8
52 7 3
53 88 6
53 67 2
53 51 3
53 24 10
53 34 9
53 31 9
53 61 6
54 7 7
54 26 3
54 70 5
54 23 9
54 22 5
54 58 4
54 99 4
54 81 4
54 86 10
54 62 7
54 38 10
54 75 4
55 71 5
55 2 7
55 77 5
55 67 5
55 82 10
55 99 1
55 86 7
55 59 10
55 96 0
55 5 8
56 21 4
56 77 6
56 96 4
56 44 5
56 36 3
56 23 10
56 90 3
56 86 8
56 4 5
56 93 0
56 3 6
56 82 3
57 27 10
57 48 3
57 49 9
57 83 4
57 21 4
57 87 4
57 94 8
57 17 6
57 38 5
57 5 3
58 67 2
58 17 5
58 98 7
58 89 3
58 54 4
58 64 5
58 43 10
58 76 5
58 90 3
58 10 9
58 20 10
58 91 6
59 39 2
59 6 3
59 87 9
59 38 9
59 95 7
59 67 10
59 78 3
59 88 4
59 82 5
59 25 5
59 41 1
59 1 6
59 55 10
59 47 1
59 84 9
59 13 8
59 50 6
60 0 3
60 70 6
60 48 1
60 81 9
60 43 1
60 16 7
60 95 1
60 42 1
60 92 1
60 7 9
61 23 8
61 64 7
61 98 10
61 86 5
61 19 2
61 7 10
61 25 5
61 48 1
61 44 7
61 53 6
61 43 7
61 69 2
62 9 9
62 91 1
62 67 1
62 39 10
62 54 7
62 90 7
62 70 8
63 74 7
63 80 7
63 28 3
63 36 1
63 71 8
63 91 5
63 41 9
63 24 2
63 50 10
63 47 5
63 93 1
63 83 6
63 38 9
64 16 6
64 50 9
64 61 7
64 66 2
64 88 7
64 58 5
64 99 9
64 74 5
64 80 6
64 7 4
65 74 6
65 77 10
65 27 7
65 78 4
65 23 9
65 75 8
65 87 6
65 0 3
66 30 6
66 39 3
66 7 7
66 64 2
66 69 7
66 31 1
66 74 5
66 1 3
66 42 7
66 11 7
66 47 2
67 20 6
67 58 2
67 53 2
67 59 10
67 40 6
67 62 1
67 7 2
67 55 5
67 68 10
67 13 0
68 69 9
68 19 5
68 84 2
68 44 7
68 50 9
68 18 4
68 67 10
68 7 0
69 80 8
69 25 2
69 18 5
69 21 4
69 68 9
69 66 7
69 87 9
69 35 6
69 50 8
69 88 1
69 94 6
69 86 9
69 7 3
69 52 4
69 61 2
69 11 8
70 98 8
70 54 5
70 30 1
70 42 3
70 60 6
70 77 9
70 0 2
70 48 8
70 34 10
70 24 3
70 47 8
70 62 8
70 35 3
71 48 2
71 78 7
71 14 4
71 55 5
71 63 8
71 49 3
71 1 9
71 51 7
72 32 4
72 6 1
72 82 9
72 17 10
72 74 3
72 98 9
72 22 3
72 91 9
72 10 1
73 25 10
73 30 5
73 14 3
73 92 10
73 15 4
73 95 6
73 88 8
73 3 9
73 91 4
74 98 5
74 37 10
74 63 7
74 65 6
74 25 1
74 41 7
74 66 5
74 72 3
74 52 4
74 64 5
74 36 3
75 28 7
75 45 4
75 49 10
75 48 9
75 89 4
75 2 3
75 81 4
75 82 8
75 38 2
75 65 8
75 10 7
75 54 4
75 85 4
76 2 6
76 93 5
76 58 5
76 6 5
76 81 2
76 18 2
76 48 7
76 19 3
77 56 6
77 55 5
77 70 9
77 0 2
77 65 10
77 14 4
77 47 6
77 35 2
77 98 3
77 9 6
77 4 10
77 11 2
78 21 6
78 71 7
78 27 8
78 48 10
78 59 3
78 93 10
78 42 3
78 44 1
78 43 2
78 2 3
78 13 8
78 65 4
78 12 9
78 51 8
79 10 3
79 28 6
79 91 2
79 18 4
79 13 4
79 17 4
79 35 2
79 12 7
79 95 7
79 36 8
79 5 7
79 22 10
79 45 8
79 50 3
79 89 5
79 51 3
80 69 8
80 3 3
80 18 10
80 63 7
80 45 8
80 89 10
80 36 7
80 24 3
80 64 6
80 32 6
80 93 5
81 49 4
81 60 9
81 24 2
81 23 10
81 54 4
81 75 4
81 47 8
81 46 4
81 5 0
81 98 3
81 76 2
82 72 9
82 88 1
82 3 3
82 59 5
82 86 6
82 30 8
82 28 4
82 55 10
82 75 8
82 56 3
82 27 8
82 1 7
83 0 7
83 96 2
83 57 4
83 20 8
83 33 7
83 11 5
83 9 7
83 30 2
83 23 7
83 86 3
83 63 6
83 13 2
84 68 2
84 88 6
84 18 2
84 27 9
84 59 9
84 16 5
85 48 5
85 42 3
85 2 8
85 25 9
85 91 10
85 44 3
85 23 2
85 8 8
85 45 6
85 75 4
85 41 7
85 15 0
85 32 1
86 7 4
86 30 3
86 43 3
86 61 5
86 54 10
86 82 6
86 41 6
86 69 9
86 56 8
86 55 7
86 83 3
86 94 9
86 91 8
87 59 9
87 3 2
87 37 6
87 42 4
87 27 5
87 69 9
87 41 6
87 57 4
87 4 2
87 26 9
87 95 6
87 65 6
88 90 7
88 53 6
88 42 7
88 82 1
88 37 6
88 64 7
88 59 4
88 73 8
88 69 1
88 84 6
88 32 2
88 3 8
88 38 8
89 5 5
89 58 3
89 41 5
89 75 4
89 80 10
89 27 3
89 79 5
90 88 7
90 38 7
90 50 7
90 25 10
90 56 3
90 58 3
90 62 7
90 20 7
91 79 2
91 62 1
91 63 5
91 45 3
91 17 5
91 22 4
91 85 10
91 49 1
91 86 8
91 9 4
91 4 7
91 58 6
91 42 9
91 73 4
91 72 9
92 29 9
92 9 6
92 18 1
92 1 8
92 73 10
92 0 3
92 60 1
92 23 4
92 16 5
92 33 4
93 76 5
93 2 2
93 78 10
93 51 4
93 26 8
93 95 7
93 8 10
93 63 1
93 80 5
93 56 0
94 51 2
94 2 8
94 50 6
94 99 2
94 42 3
94 14 6
94 57 8
94 69 6
94 86 9
94 1 5
94 17 7
94 44 9
95 59 7
95 23 6
95 73 6
95 79 7
95 60 1
95 93 7
95 6 0
95 87 6
96 36 5
96 83 2
96 56 4
96 37 10
96 45 5
96 31 10
96 48 6
96 41 9
96 51 8
96 28 1
96 55 0
97 18 6
97 4 8
97 26 3
97 8 5
97 16 5
97 2 7
97 21 8
98 70 8
98 74 5
98 39 10
98 58 7
98 18 2
98 61 10
98 72 9
98 77 3
98 13 5
98 81 3
99 13 5
99 47 6
99 48 6
99 94 2
99 25 10
99 28 6
99 54 4
99 45 9
99 52 8
99 64 9
99 2 9
99 55 1
99 50 8